name,F0semitoneFrom27.5Hz_sma3nz_amean,F0semitoneFrom27.5Hz_sma3nz_stddevNorm,F0semitoneFrom27.5Hz_sma3nz_percentile20.0,F0semitoneFrom27.5Hz_sma3nz_percentile50.0,F0semitoneFrom27.5Hz_sma3nz_percentile80.0,F0semitoneFrom27.5Hz_sma3nz_pctlrange0-2,F0semitoneFrom27.5Hz_sma3nz_meanRisingSlope,F0semitoneFrom27.5Hz_sma3nz_stddevRisingSlope,F0semitoneFrom27.5Hz_sma3nz_meanFallingSlope,F0semitoneFrom27.5Hz_sma3nz_stddevFallingSlope,loudness_sma3_amean,loudness_sma3_stddevNorm,loudness_sma3_percentile20.0,loudness_sma3_percentile50.0,loudness_sma3_percentile80.0,loudness_sma3_pctlrange0-2,loudness_sma3_meanRisingSlope,loudness_sma3_stddevRisingSlope,loudness_sma3_meanFallingSlope,loudness_sma3_stddevFallingSlope,spectralFlux_sma3_amean,spectralFlux_sma3_stddevNorm,mfcc1_sma3_amean,mfcc1_sma3_stddevNorm,mfcc2_sma3_amean,mfcc2_sma3_stddevNorm,mfcc3_sma3_amean,mfcc3_sma3_stddevNorm,mfcc4_sma3_amean,mfcc4_sma3_stddevNorm,jitterLocal_sma3nz_amean,jitterLocal_sma3nz_stddevNorm,shimmerLocaldB_sma3nz_amean,shimmerLocaldB_sma3nz_stddevNorm,HNRdBACF_sma3nz_amean,HNRdBACF_sma3nz_stddevNorm,logRelF0-H1-H2_sma3nz_amean,logRelF0-H1-H2_sma3nz_stddevNorm,logRelF0-H1-A3_sma3nz_amean,logRelF0-H1-A3_sma3nz_stddevNorm,F1frequency_sma3nz_amean,F1frequency_sma3nz_stddevNorm,F1bandwidth_sma3nz_amean,F1bandwidth_sma3nz_stddevNorm,F1amplitudeLogRelF0_sma3nz_amean,F1amplitudeLogRelF0_sma3nz_stddevNorm,F2frequency_sma3nz_amean,F2frequency_sma3nz_stddevNorm,F2bandwidth_sma3nz_amean,F2bandwidth_sma3nz_stddevNorm,F2amplitudeLogRelF0_sma3nz_amean,F2amplitudeLogRelF0_sma3nz_stddevNorm,F3frequency_sma3nz_amean,F3frequency_sma3nz_stddevNorm,F3bandwidth_sma3nz_amean,F3bandwidth_sma3nz_stddevNorm,F3amplitudeLogRelF0_sma3nz_amean,F3amplitudeLogRelF0_sma3nz_stddevNorm,alphaRatioV_sma3nz_amean,alphaRatioV_sma3nz_stddevNorm,hammarbergIndexV_sma3nz_amean,hammarbergIndexV_sma3nz_stddevNorm,slopeV0-500_sma3nz_amean,slopeV0-500_sma3nz_stddevNorm,slopeV500-1500_sma3nz_amean,slopeV500-1500_sma3nz_stddevNorm,spectralFluxV_sma3nz_amean,spectralFluxV_sma3nz_stddevNorm,mfcc1V_sma3nz_amean,mfcc1V_sma3nz_stddevNorm,mfcc2V_sma3nz_amean,mfcc2V_sma3nz_stddevNorm,mfcc3V_sma3nz_amean,mfcc3V_sma3nz_stddevNorm,mfcc4V_sma3nz_amean,mfcc4V_sma3nz_stddevNorm,alphaRatioUV_sma3nz_amean,hammarbergIndexUV_sma3nz_amean,slopeUV0-500_sma3nz_amean,slopeUV500-1500_sma3nz_amean,spectralFluxUV_sma3nz_amean,loudnessPeaksPerSec,VoicedSegmentsPerSec,MeanVoicedSegmentLengthSec,StddevVoicedSegmentLengthSec,MeanUnvoicedSegmentLength,StddevUnvoicedSegmentLength,equivalentSoundLevel_dBp
id10271-1gtz-CUIygI-00011,21.82939,0.124670036,19.596514,21.085335,23.990847,4.394333,49.39701,35.010807,21.290594,14.522342,0.3302902,0.5009034,0.19788355,0.29492283,0.45935836,0.26147482,3.7046146,2.2449083,2.6604981,1.2957959,0.118594676,0.7151044,29.516434,0.42443448,8.650067,0.9753522,3.0500968,4.6184826,2.190798,6.5491314,0.020598168,1.5752755,1.1664321,0.63636976,3.526932,0.6628368,1.2078123,3.4343486,25.880758,0.24131578,485.149,0.32161638,1372.3615,0.113957316,-89.29681,-1.0752746,1518.0209,0.150764,1016.3042,0.23514013,-96.77614,-0.92229724,2622.1091,0.091109395,936.96204,0.3301968,-102.08329,-0.82794255,-15.6918335,-0.29434493,27.45819,0.19150716,0.04687158,0.37321854,-0.017320663,-0.76794565,0.13979124,0.66169226,35.484093,0.17607616,8.647286,0.9248637,2.023384,8.303793,1.1703377,13.545691,-11.036456,20.148823,0.036779135,-0.0013846926,0.09350607,3.927987,3.1353135,0.16526315,0.13331279,0.1265,0.13506572,-31.728107
id10271-PfcJLmkhGbk-00008,20.4171,0.064148836,19.433426,20.443752,21.249365,1.815939,119.89344,121.638824,13.58858,6.9477596,0.7801537,0.48291892,0.40087044,0.73938626,1.1107699,0.7098994,9.217939,4.7133236,8.354556,4.939137,0.41974294,0.6804312,29.131802,0.62634546,3.4098783,3.0921311,-6.263044,-2.046827,1.2293661,9.55179,0.017852867,1.5746174,1.1278362,0.8203618,2.8736367,0.6219771,0.41260338,4.3333845,25.878775,0.36122298,539.68884,0.3458039,1436.5065,0.13932435,-110.55987,-0.87902987,1564.4596,0.1645959,1138.297,0.23794627,-115.52674,-0.789903,2639.072,0.11247019,1000.0551,0.26910487,-120.92149,-0.7061652,-14.589886,-0.38082322,28.066668,0.24775943,0.03241997,0.5099216,-0.029814368,-0.46611324,0.5367053,0.456984,40.094494,0.21023779,3.809281,3.0410748,-8.384131,-1.6173713,-1.0912843,-12.748688,-8.185806,17.178299,0.016817812,-0.012125235,0.33270392,5.2631583,2.4355302,0.17352942,0.14539766,0.20444444,0.34322363,-20.988127
id10272-uuEXZLyyWN8-00001,24.56901,0.28367177,20.15832,23.210241,26.010208,5.8518887,72.774925,32.223373,88.408516,90.01483,0.4096425,1.0526586,0.042642076,0.28929764,0.6751086,0.63246655,7.0564766,4.2576313,5.738554,3.9524379,0.18518509,1.4170729,24.926878,0.641074,12.90193,0.89676046,4.504473,2.36346,-6.04716,-2.5488925,0.04237956,2.42022,1.3354286,0.7529167,3.5727966,0.6871141,-3.1234307,-2.1902077,22.712687,0.46977606,545.11707,0.32812753,1284.5908,0.18068989,-101.80648,-0.94373,1597.4271,0.19496433,1029.584,0.26498786,-107.109245,-0.8270553,2710.0044,0.12169989,895.289,0.316718,-110.18693,-0.77192384,-16.130344,-0.54533637,25.510677,0.35383627,0.022473754,1.1793203,-0.028941935,-0.7296473,0.3079248,1.0218703,31.442202,0.4508285,14.866993,0.8046004,2.017298,6.418562,-13.244761,-1.2812275,-10.975979,20.188663,0.003840021,0.0037060867,0.059258483,2.189781,2.2167487,0.22222221,0.14611849,0.20666665,0.20520994,-24.736774
id10273-oBaIbyCrTVw-00004,21.745398,0.08247398,20.486813,21.298918,22.95083,2.4640179,139.06206,94.83563,17.752882,14.601876,0.69623506,0.34864506,0.47724304,0.6590031,0.90268946,0.42544642,7.0037413,4.0956273,5.753535,2.9489622,0.34063056,0.52364767,31.211678,0.39769518,-0.8227185,-12.126653,15.131853,0.8491745,2.0616994,5.7351284,0.018232029,0.8440296,1.2332284,0.7122769,3.6099386,0.4611689,7.9991856,0.6687482,23.699938,0.31164336,540.498,0.34501994,1328.2612,0.14789797,-120.78509,-0.751772,1589.0137,0.15303779,1072.675,0.3530713,-125.934006,-0.67048085,2565.5789,0.108921155,1033.3566,0.3101427,-127.67467,-0.6456405,-14.836197,-0.34489176,23.890081,0.2877874,0.002994872,6.3478775,-0.023178402,-0.54345053,0.37591153,0.5511399,39.219322,0.1804195,-1.693614,-6.1751184,18.68257,0.8150985,-0.59664065,-24.24476,-9.78953,18.504822,-0.009868484,-0.007850547,0.3169438,4.915515,2.7906978,0.13944444,0.13019098,0.19888888,0.1685523,-24.251328
id10273-oBaIbyCrTVw-00009,21.016878,0.074323535,19.802269,20.76415,22.403204,2.600935,113.529755,187.5535,40.12095,59.37876,0.68583924,0.35837063,0.45339075,0.6368267,0.91450953,0.4611188,6.727414,2.5037858,6.1171784,2.6301265,0.32624847,0.50677377,33.539345,0.35624194,-3.2973256,-4.0068507,9.239489,0.99078083,1.3111249,9.009737,0.024785277,0.744632,1.0648996,0.65902984,2.6394098,0.48577756,10.032258,0.4267257,24.46517,0.32337815,515.2912,0.30618194,1387.4509,0.15148109,-113.286285,-0.79952556,1479.0353,0.13160035,1133.9,0.19780888,-116.55478,-0.7437718,2524.4995,0.104090236,965.2404,0.22666353,-120.44945,-0.68701005,-13.223795,-0.35265598,23.032791,0.27441472,-0.0024378258,-8.340985,-0.018739395,-0.5673132,0.34221593,0.46361235,40.93507,0.17045973,-5.951994,-2.2693973,10.1926155,0.8685832,-0.17567329,-76.9085,-9.674343,18.61297,-0.010945406,-0.009776595,0.31510267,5.202312,3.3138402,0.1282353,0.1284402,0.174,0.18568073,-25.012632
id10275-Mdk1SXywHck-00015,32.384445,0.13727945,30.653927,31.659973,33.078945,2.4250183,36.605057,32.704395,18.948755,11.222837,0.58649766,0.5034552,0.29648343,0.566045,0.8413132,0.5448297,7.269056,3.8921354,6.1063538,3.9260428,0.18751405,0.9710947,15.173667,1.1376452,6.3486032,2.0028703,8.844323,1.7351078,-13.46217,-1.089906,0.010901127,0.94853956,0.87897307,0.694075,7.9085393,0.35435334,3.1155016,2.9149082,19.796432,0.4252658,638.93134,0.39095995,1330.7606,0.18368036,-82.73313,-1.1181998,1673.0038,0.15293452,986.3079,0.31124806,-84.13802,-1.0190997,2675.8696,0.099665314,910.51843,0.41008294,-85.11748,-0.99606556,-10.651051,-0.82043284,18.636967,0.57931376,0.06217777,0.2989077,-0.020356435,-0.8447384,0.20338911,0.9106983,22.290318,0.5720474,4.237587,2.586894,13.122615,1.2380548,-17.001455,-0.9480127,0.036477167,5.7982626,0.038726598,-0.00020674651,0.1571853,4.424779,2.8025477,0.2140909,0.1841358,0.12809524,0.16508637,-26.383154
id10277-znxUWA2QAGs-00008,23.659946,0.10697081,21.043425,23.73316,26.018986,4.975561,35.20236,43.78204,34.769627,28.025831,0.89423615,0.39276952,0.5649936,0.8635261,1.219004,0.6540104,9.758402,5.7313786,8.402244,4.645548,0.5404227,0.42289853,22.91508,0.4619325,13.40858,0.7081255,10.800976,0.9531165,9.60874,0.9197798,0.021598972,0.90558165,1.2368963,0.6631205,4.2122326,0.42046553,-0.03401259,-232.14815,21.7707,0.40677795,504.66025,0.3491368,1325.9656,0.18792279,-94.21101,-0.9603102,1550.7443,0.12779458,1024.4829,0.32239923,-101.94517,-0.8196974,2565.3884,0.09724236,976.3377,0.2580473,-104.57584,-0.7785139,-16.926588,-0.26040834,24.699167,0.22610718,-0.015710138,-1.2497224,-0.021159612,-0.5747055,0.62030053,0.35433197,27.905981,0.23494768,13.974971,0.65203214,12.890181,0.8464576,9.463593,1.0500637,-14.162476,23.307232,-0.035181582,-0.009051971,0.4441767,5.428329,3.1516185,0.16648649,0.14636526,0.12710527,0.16781738,-19.641682
id10277-znxUWA2QAGs-00010,24.132103,0.14795077,22.296558,23.87829,25.704315,3.4077568,35.845783,30.291574,83.70333,138.37662,0.8814621,0.45630538,0.5087303,0.8092241,1.2880499,0.77931964,11.435994,6.3814163,8.510561,3.9963126,0.5475559,0.49507308,26.409716,0.5754427,12.844764,0.9136868,7.196385,1.6119378,6.3854055,1.6895472,0.021859491,1.0301366,1.3529308,0.69555616,4.244302,0.4517799,2.5785537,2.0441885,25.309877,0.3652004,492.17914,0.31582537,1301.9417,0.13534084,-90.89314,-0.9947506,1504.5955,0.15551291,1053.7565,0.2517508,-98.80276,-0.851376,2573.2773,0.10600643,918.7104,0.30770448,-102.63371,-0.78195935,-17.284996,-0.37282407,27.216808,0.26580742,-0.01273855,-1.5532144,-0.025415644,-0.5123798,0.65071934,0.3760019,34.135414,0.26399186,12.033035,0.9950835,5.5318117,2.3429718,3.8125703,3.1228335,-13.417843,22.592855,-0.035286713,-0.008249477,0.41603798,5.5632825,3.2258067,0.16782607,0.11963555,0.12818182,0.12629822,-19.173693
id10277-znxUWA2QAGs-00012,21.25818,0.069101416,20.03134,20.832918,22.62056,2.58922,86.06003,83.42214,18.60076,13.562908,0.7552623,0.48964968,0.4039866,0.7011127,1.0919932,0.68800664,8.040468,3.0772698,7.9806266,4.899138,0.5004433,0.4693958,21.855513,0.5811417,14.80065,0.7234266,6.401465,1.839415,6.437631,1.3953488,0.022298377,0.7937387,1.1944972,0.80331635,3.5910466,0.38495004,-4.9884124,-2.4599454,20.121677,0.77523726,536.235,0.35061905,1291.0392,0.15695573,-125.78774,-0.6964805,1575.0231,0.16356239,1026.7125,0.24463226,-130.64648,-0.627121,2643.5735,0.12715928,950.58344,0.24540915,-133.69514,-0.5855804,-18.79493,-0.3220241,28.702078,0.20937645,-0.026540995,-0.69070655,-0.022056969,-0.54780555,0.6398932,0.3824165,32.22553,0.1617948,14.467769,0.69864035,9.676159,1.4860431,5.951454,1.8558354,-13.926959,24.698341,-0.043373734,-0.0054719704,0.40918615,4.6199703,2.857143,0.13,0.08950154,0.21166666,0.1897147,-20.62021
id10278-DSGE2F5sTcg-00003,23.174067,0.19877674,20.100111,22.181385,24.301302,4.201191,44.960846,10.039343,20.073126,9.320526,0.24208668,1.0035799,0.051923953,0.11739955,0.4520859,0.40016195,5.4756365,4.591929,3.55454,3.1919315,0.17183934,1.0413228,30.878628,0.4357502,19.803509,0.4760066,11.886579,0.968358,12.251626,0.8527781,0.033337172,0.9002057,1.0007045,0.6794636,2.9466703,0.87788314,0.7609363,6.779939,39.17155,0.22647761,631.887,0.30255067,1483.4232,0.14030962,-142.26746,-0.59239364,1695.185,0.14233477,1235.0134,0.2282277,-146.49863,-0.5272429,2860.0781,0.11205294,1208.8795,0.20995864,-150.05692,-0.4798256,-23.572618,-0.36645055,37.133347,0.20566846,-0.017069478,-1.3560117,-0.019068087,-0.7362684,0.27251315,0.7793603,41.825348,0.1574325,17.298962,0.74865746,7.0647306,2.1168845,7.414983,1.6666775,-29.677933,42.03918,-0.059733182,0.005383907,0.11091527,2.255639,1.5228428,0.19999999,0.14832397,0.435,0.3504164,-28.23827
id10278-DSGE2F5sTcg-00004,23.667751,0.1996249,20.6131,23.922108,27.693956,7.0808563,192.0764,164.54225,60.03646,25.320215,0.334131,0.76720214,0.09951329,0.26145506,0.5751821,0.4756688,4.823759,2.9134214,3.5559597,2.5571325,0.22401932,0.6531414,29.422812,0.55171585,18.55852,0.6424163,7.704087,1.4486134,10.445935,1.2054237,0.022519056,0.92580235,1.247759,0.66787666,1.7876506,1.9049635,4.5420012,4.0479546,35.053215,0.304233,503.3328,0.22967923,1360.5103,0.17090215,-160.1043,-0.4737438,1577.9015,0.12363704,1139.1328,0.27253675,-164.76003,-0.4072342,2639.6233,0.09139523,1143.9497,0.28033337,-166.73802,-0.3814547,-21.766752,-0.41221863,33.073326,0.27305815,-0.011174845,-2.189545,-0.02532785,-0.5267712,0.3719481,0.42583156,39.01008,0.23521349,16.246136,0.8426879,6.391562,1.83761,4.762091,2.2235096,-24.476421,37.336464,-0.053969655,-0.0060882787,0.18745454,3.6893203,1.9646367,0.096,0.057999995,0.39299998,0.309,-26.645636
id10278-DSGE2F5sTcg-00016,21.13392,0.08001454,19.931738,21.380447,22.238333,2.3065948,138.03775,171.29254,22.754189,11.166866,0.2969104,0.64188886,0.09542149,0.30359182,0.45250916,0.35708767,4.063328,2.6171157,3.6503286,2.3626533,0.13776943,0.68302727,35.14069,0.37551323,16.961504,0.66459775,8.581138,1.3853292,12.028141,0.73339003,0.023398113,0.9075594,1.2714641,0.7203906,3.9793305,0.4877002,0.6158962,14.262631,37.149918,0.26487067,556.5531,0.32595357,1406.5874,0.13784775,-87.639206,-1.0323651,1640.8755,0.13963497,1192.3378,0.27390373,-98.505806,-0.8285269,2737.394,0.10035953,1190.6124,0.24870482,-104.6428,-0.73343277,-24.065006,-0.26660076,35.765602,0.20398112,-0.0038667547,-6.531693,-0.017772447,-0.8001371,0.16581565,0.5447992,40.842678,0.16359459,20.280298,0.47194254,9.878711,1.2417796,12.121035,0.75652,-17.877403,31.023766,-0.025435664,0.0023417773,0.09845781,3.979461,1.9379846,0.29799998,0.29969317,0.19799998,0.26773617,-28.905521
id10278-R_h7875g_PI-00008,20.092916,0.2507522,16.9601,18.898983,22.60892,5.648819,200.91478,350.30847,63.86687,35.49487,0.3639211,0.67303425,0.15183145,0.29974005,0.55863047,0.40679902,4.2766914,3.1092277,3.3093207,1.6352651,0.19404243,0.58011144,29.117672,0.68354213,19.680939,0.5832293,9.862478,1.1534305,9.94529,1.442772,0.03532408,0.8180937,1.4631037,0.5726093,2.4114373,0.94372934,5.819535,2.0069659,36.94483,0.3065412,520.30286,0.29279807,1362.5981,0.14435445,-87.472626,-1.0173204,1602.7212,0.13296737,1162.8684,0.19611327,-97.600876,-0.81725425,2676.3843,0.094599515,1152.3887,0.22139375,-102.34331,-0.74264103,-24.005987,-0.4074646,34.90547,0.30694446,-0.014309853,-2.028442,-0.015334494,-1.2910402,0.2149765,0.44489783,36.69986,0.29187137,21.394396,0.5745272,11.673082,0.9544327,12.277086,1.2154927,-12.20182,21.567566,-0.012089199,-0.002999475,0.16794395,3.7950664,2.6819925,0.21499999,0.22849663,0.128,0.06645299,-27.570053
id10278-iEAqbqZ7dDg-00006,22.739662,0.14261195,20.820873,23.764114,25.262768,4.4418945,79.08403,61.29112,28.718197,25.526495,0.36529195,0.906527,0.052768618,0.29475102,0.64364064,0.59087205,5.697429,4.1586657,5.2683635,3.3346324,0.17444839,0.96808624,31.886385,0.41650742,17.82425,0.6759187,8.54962,1.3736571,10.538952,0.97967863,0.023283174,1.188421,1.0182421,0.6929068,4.303353,0.588018,3.7078004,4.1673574,35.721317,0.30486965,533.54736,0.31723642,1392.3976,0.15563062,-98.772804,-0.94209546,1620.4176,0.14319924,1141.9036,0.24670625,-107.94462,-0.78424144,2683.4617,0.10462425,1165.1292,0.23326045,-113.346725,-0.70185727,-22.183338,-0.3968432,34.279423,0.26420933,0.006421314,4.1381917,-0.02170545,-0.65344054,0.2625146,0.599265,38.774788,0.23405087,18.24792,0.7510452,7.958072,1.8065257,7.578731,1.4687467,-21.631367,33.654552,-0.033766013,0.0042792205,0.07701982,2.646086,1.9955655,0.25666666,0.22020192,0.25,0.30141333,-25.327438
id10278-pJsgUla1_1I-00001,19.240993,0.29405963,16.950249,18.314014,19.988306,3.0380573,22.022131,10.610636,47.427162,0.0,0.34240645,0.5512945,0.15140934,0.32197526,0.5010282,0.34961885,3.9525912,2.1634817,3.0946865,1.647655,0.14892344,0.62615967,28.489222,0.4960547,10.656146,0.8956827,21.564426,0.6275626,-7.1432137,-1.6346295,0.016112057,0.8969756,1.1578838,0.8281383,2.9429123,0.5242658,5.808133,0.8421957,28.941076,0.35204414,509.51593,0.34799567,1374.4474,0.15881847,-106.5796,-0.9443777,1553.6666,0.15943788,1052.4302,0.26576376,-113.44089,-0.80969757,2658.6328,0.09221772,881.50476,0.3705153,-115.78028,-0.771848,-18.822954,-0.37648007,27.620415,0.32057092,0.03383674,0.65413237,-0.01967173,-0.79072404,0.17971644,0.393118,35.422554,0.26554912,11.604812,0.75563073,21.351772,0.69434965,-10.401378,-1.1133226,-12.4066305,19.939333,0.013800169,-0.0018866365,0.12444452,4.33145,3.2380953,0.1282353,0.10993234,0.16058822,0.1440372,-30.06533
id10282-zGjY8J48FoE-00001,36.974754,0.05641233,34.72873,37.11268,38.829117,4.1003876,75.88051,57.862385,9.893972,3.9704504,0.6434381,0.6955249,0.29526666,0.5130223,0.95354044,0.6582738,7.947737,3.8822985,5.125202,2.6595345,0.19646598,0.8120297,21.406723,0.6881982,0.3013736,52.71379,5.544306,3.2569559,-1.8071318,-8.888609,0.0131893065,1.1286654,0.80591583,0.8652164,9.653973,0.27291757,2.2854245,3.4261057,18.8932,0.46146998,702.1583,0.26654133,1391.9111,0.17837466,-85.58353,-1.0610929,1730.0963,0.11500209,973.97156,0.31139773,-82.94991,-1.0186949,2789.146,0.09319397,955.1505,0.36863723,-87.75045,-0.9199845,-9.878114,-0.7796983,21.292288,0.4306612,0.021782994,1.0281583,-0.016127406,-0.83679247,0.23922941,0.7068613,27.323261,0.38575923,-5.208039,-2.6747353,1.542118,12.214224,-6.8978744,-2.1522567,-9.007036,15.687186,-0.017086951,-0.0047029555,0.12513584,3.896104,2.808989,0.218,0.1404374,0.11,0.101857744,-25.03664
id10283-cmG1DiHm-fM-00005,27.097443,0.07670431,25.599663,27.290459,29.007145,3.4074821,19.334389,9.283075,60.487045,36.9117,1.201998,0.3904245,0.704233,1.1844515,1.6599125,0.9556795,13.364085,6.7405877,13.007069,6.7460957,0.62134147,0.34502077,21.468878,0.38393396,3.0898044,3.862607,25.277922,0.49317655,-11.4436655,-1.1098654,0.014650292,1.2840374,1.1749345,0.5482364,2.9716449,0.32898366,-1.2330048,-3.379895,10.804225,0.55208474,698.89655,0.37744024,1331.2861,0.20288247,-162.38329,-0.4538133,1680.1987,0.19662523,975.8807,0.34346718,-162.06082,-0.44966525,2738.2002,0.11285369,692.2347,0.373385,-162.614,-0.44080865,-8.566203,-0.4672243,14.912039,0.30729505,0.010273043,1.819978,-0.02797957,-0.51928896,0.6780222,0.2364629,23.747833,0.18908294,-1.0583601,-6.499819,19.03754,0.65617085,-24.03292,-0.65659356,-10.042889,16.78528,-0.007746301,-0.015642796,0.607363,5.9011164,2.0900323,0.08692307,0.082497984,0.3442857,0.43655655,-20.570885
id10283-h87Y8nir1o0-00005,29.482079,0.057779092,27.754248,29.854074,31.07436,3.3201122,24.825727,11.5116,110.75956,137.08119,1.3058112,0.36001813,0.8313765,1.2956843,1.8069727,0.97559625,14.566759,6.989422,11.762225,6.855945,0.6239569,0.37923157,18.235096,0.5137602,1.970375,5.4906516,25.020279,0.52622247,-9.384212,-1.2250092,0.015772378,1.0560638,1.2419382,0.54264814,3.7148855,0.51133525,-1.0728679,-6.3103466,13.998887,0.50100076,795.79346,0.31130233,1182.6688,0.16003644,-131.2928,-0.6813957,1821.358,0.13437541,918.20044,0.23463668,-130.04414,-0.6748158,2838.2983,0.08555847,808.4421,0.40345725,-130.35858,-0.66954064,-8.520346,-0.6299863,14.89936,0.38073793,0.02409987,0.71413916,-0.022158116,-0.7409136,0.69939476,0.26023847,23.165253,0.26460683,-1.880754,-5.140631,21.117695,0.6143938,-13.594112,-0.964661,-6.759672,12.192615,-0.0052746558,-0.012715448,0.58564276,5.8823533,2.4229076,0.14363636,0.16902246,0.22749999,0.21798795,-20.182821
id10283-r9-0pljhZqs-00016,36.883846,0.17351,31.78804,34.12518,44.616875,12.828835,142.56049,184.63333,77.273384,64.53585,0.6158258,0.2803991,0.45831084,0.64153624,0.7682511,0.30994028,5.721649,3.0497544,4.132401,2.5457191,0.23378633,0.50773335,22.035048,0.41461322,-6.4487424,-2.0173283,-19.29772,-0.8692419,-11.8951025,-1.2398164,0.031495377,1.7952737,1.2163388,0.63923514,5.9500637,0.5725348,3.5932963,2.5971718,24.940672,0.43780634,765.206,0.33569583,1312.1843,0.1818264,-42.05355,-1.8332843,1759.5951,0.15135199,1088.9952,0.24040306,-44.26351,-1.5321758,2850.0454,0.11099668,997.499,0.29737446,-52.540012,-1.2184876,-8.893844,-0.7054021,23.50259,0.289069,0.09005853,0.23780565,-0.012664693,-1.0267258,0.24348728,0.48238674,23.430336,0.3433129,-6.931336,-1.8625144,-20.338566,-0.85450995,-13.570663,-1.1107916,-5.5460496,18.139256,0.076963134,-0.0036561124,0.18900166,5.937136,2.344666,0.3425,0.38854697,0.082666665,0.07767168,-27.89932
id10283-vaK4t1-WD4M-00045,24.1099,0.09805626,21.632107,23.912622,25.765413,4.1333065,25.047543,0.6327448,18.77008,3.7178874,0.38717812,0.49765256,0.21232483,0.36118087,0.51042604,0.29810122,3.7042437,1.6829312,3.4315479,2.1123905,0.122534215,0.97328806,14.704037,0.7808619,3.6649537,4.1985197,16.88617,1.15838,-9.876431,-1.5550295,0.015722914,0.69632524,1.7060598,0.54081994,2.5077202,0.71523577,1.8864363,4.193266,14.824336,0.44217658,738.8711,0.37669125,1181.5303,0.18524879,-163.60294,-0.46785438,1801.7396,0.19762672,983.89667,0.31483594,-164.6514,-0.44157067,2755.1143,0.11455608,928.1135,0.42915657,-165.35852,-0.4315438,-10.187633,-0.5152483,21.235792,0.34629357,0.057201892,0.325643,-0.015259379,-1.1153424,0.2552264,0.68100643,25.412241,0.31772646,-5.245901,-2.5777094,7.9229035,3.170525,-19.79424,-0.8675671,-6.2048435,12.437008,0.039240003,-0.0048848945,0.09385474,4.010025,1.7766498,0.09285714,0.060877927,0.39249998,0.306176,-31.895142
id10285-5nGO1Mq_iGM-00001,36.659813,0.11048879,33.24286,36.00847,39.359707,6.116848,207.93607,303.58954,82.761116,48.862106,0.44384623,0.5446637,0.21144673,0.4121686,0.6457312,0.43428448,6.05723,2.9407535,5.517443,2.6583405,0.12586752,0.7940122,18.41464,0.637141,-31.17715,-0.49142578,-7.1413083,-1.7395787,-22.263254,-0.5969005,0.035971284,1.5750997,1.5995216,0.72178423,4.474568,0.8493364,0.94963926,9.482267,12.794996,0.74634326,934.62036,0.24408053,1437.2806,0.2360079,-67.34732,-1.4123583,1808.4073,0.10497478,1194.1978,0.2085767,-61.973385,-1.4730282,2795.7188,0.08074526,1029.4618,0.2949474,-65.01343,-1.3739344,-3.5256057,-1.6047019,13.853259,0.54641646,0.09912127,0.16050647,-0.010006116,-1.4396069,0.14778541,0.7183532,21.985275,0.48743796,-33.560524,-0.4459962,-7.037556,-1.9257652,-24.902412,-0.49011862,0.21848899,9.768413,0.082156934,0.002804403,0.084059834,4.7531996,3.3210332,0.19222221,0.16791384,0.09352941,0.06579301,-32.747463
id10293-MHOCv7pOmG4-00007,21.285099,0.13469379,19.209553,20.561708,22.941069,3.731516,151.26534,166.6438,21.03546,11.587561,0.41361308,0.49670592,0.22872028,0.39969695,0.58452004,0.35579976,5.5750246,3.3236613,4.637638,2.5051515,0.17859046,0.74273235,25.073494,0.7769945,12.089202,0.93767035,5.3321033,2.7126358,-1.0212071,-10.317086,0.020601075,0.8844021,1.0341917,0.89063495,3.632563,0.6159499,3.7264428,0.9939608,32.729836,0.24289401,541.9461,0.2950366,1358.1099,0.13201936,-106.96418,-0.87187535,1614.5826,0.14765835,1130.9001,0.29307032,-114.6937,-0.74349123,2671.9724,0.10618733,1110.5854,0.321345,-118.83367,-0.6821575,-20.071964,-0.29047036,29.791504,0.23834464,0.018814836,1.016198,-0.027559662,-0.42511693,0.24231157,0.5939821,37.760612,0.22511011,14.178952,0.73204803,8.42084,1.7274101,1.7636646,5.6372814,-7.7173133,15.102213,0.025761269,-0.008753765,0.12256303,5.3551917,3.1868134,0.14,0.09833089,0.15892857,0.12219245,-27.809032
id10293-TwfthltapLg-00003,20.62877,0.036240995,20.044125,20.483768,21.103561,1.0594368,86.74775,73.336266,12.8689165,5.665765,0.23683715,0.30607626,0.18196611,0.23810683,0.29385623,0.11189012,2.3525627,1.5224414,2.0207362,1.0822232,0.11096756,0.40299994,28.447048,0.42934567,12.278228,0.65490294,12.825373,0.89900434,11.239137,0.97860205,0.014391844,0.8346688,0.984634,0.6410272,3.261859,0.45881316,3.9760003,1.4330603,30.402142,0.26245734,577.0598,0.3712574,1315.7028,0.12719545,-129.90454,-0.69269025,1630.95,0.17593208,1009.4347,0.24693647,-134.7516,-0.6198018,2697.0022,0.13502634,968.1546,0.24213703,-137.16171,-0.58811456,-18.51621,-0.24024075,27.26942,0.22575067,-0.012639533,-1.5382272,-0.008834652,-1.3061152,0.10359018,0.39655006,35.00815,0.16238351,12.689073,0.5930855,15.746494,0.9265024,9.200838,1.314673,-16.281656,26.182981,-0.020807598,-0.00015718826,0.117360756,6.8126516,1.9704434,0.1775,0.15147194,0.31,0.43577516,-35.69996
id10293-TwfthltapLg-00005,21.778236,0.08857459,20.524542,21.543879,23.257591,2.7330494,216.04802,194.13036,16.053936,6.418551,0.2466947,0.4940133,0.13558988,0.2336678,0.3357102,0.20012031,3.0019681,2.1687737,2.2182195,1.2738947,0.09915345,0.51092947,27.376549,0.59675694,11.462581,0.8551664,14.274094,0.81356776,11.109567,0.83145666,0.018428268,1.0075582,1.0581203,0.63320065,3.507183,0.51199275,6.756635,0.8525083,27.98835,0.27433747,502.57553,0.3394572,1310.8224,0.15176235,-115.51338,-0.79364246,1568.8475,0.14468908,1017.4395,0.2602603,-122.41595,-0.68322146,2589.604,0.10866274,999.2137,0.281715,-124.49945,-0.65421355,-17.819735,-0.29724285,25.748457,0.25679487,-0.007065699,-2.395987,-0.01226699,-0.93825525,0.11350417,0.45970652,36.666023,0.20133631,9.557567,0.92853147,13.827913,1.0379992,10.937111,1.0107709,-15.528894,24.7336,-0.030963922,0.0024226345,0.08883757,4.729064,3.069307,0.13354838,0.11408962,0.17225806,0.12018022,-34.503307
id10293-TwfthltapLg-00007,22.771278,0.051959537,21.885569,22.817163,23.526676,1.6411076,59.71773,52.941784,18.19206,11.768948,0.25498283,0.45931104,0.15569831,0.2422325,0.347495,0.19179668,2.7110407,1.5898767,1.8783984,1.136138,0.094718315,0.4254583,23.70513,0.79142636,13.367353,0.8269739,15.644326,0.8429806,10.303835,0.8963969,0.017401483,0.89413667,1.046285,0.6302834,4.329975,0.3948128,6.19389,1.0144541,29.29088,0.2997203,494.34503,0.33949733,1319.0641,0.1815987,-119.19849,-0.76813215,1552.9934,0.15531848,1075.018,0.3102069,-126.98291,-0.65047085,2591.0938,0.11713813,979.61633,0.24359247,-129.32498,-0.61815894,-19.455818,-0.30245718,28.024378,0.2608984,-0.003282349,-5.8288655,-0.01298457,-1.1259446,0.1043261,0.3525715,36.616257,0.24848837,13.121209,0.7550936,13.701002,1.0518051,10.570286,1.0577563,-12.240611,21.192297,-0.034402344,0.0073438245,0.087787,4.0044494,2.6845639,0.14708333,0.10281372,0.21391304,0.17422472,-34.916737
id10293-k1jiAINXHRI-00001,25.42675,0.16382216,22.147903,24.529984,28.965263,6.81736,183.60916,168.63687,139.14061,248.1842,0.41907108,0.518022,0.24513057,0.38714686,0.57925403,0.33412346,5.84719,3.3225434,3.8086193,2.45408,0.1834371,0.86555874,31.072336,0.4493021,10.872019,1.1153002,-0.7049122,-19.555258,-1.8242441,-6.8014946,0.027576623,2.5100138,1.2832427,0.7839294,4.1939244,0.61375886,5.4881215,1.0195467,31.40412,0.28062806,539.5543,0.32549718,1380.8827,0.12503596,-87.60458,-1.0539906,1580.0203,0.15744972,1081.127,0.18358512,-94.72636,-0.8969805,2669.357,0.11653751,1045.1724,0.30637094,-99.60636,-0.81443304,-18.085567,-0.33108008,28.181566,0.22976355,0.045245178,0.5020309,-0.02469028,-0.6021049,0.21771264,0.5970491,36.585335,0.21930635,11.662497,1.0055176,2.3690827,5.636397,-2.2942293,-6.1074777,-10.343076,20.438444,0.050955392,-0.011985739,0.13649163,4.8558426,3.369066,0.16227272,0.11770269,0.125,0.118680246,-27.779938
id10294-49XYNpeN23I-00001,24.199926,0.31903312,21.082502,22.230042,23.837404,2.754902,374.34048,389.50296,59.4901,68.82314,0.5287749,0.6760727,0.2006282,0.45753694,0.83768505,0.6370568,7.6860867,5.1735125,6.737273,4.8848658,0.19763294,0.9743249,16.03182,1.00286,2.1412523,5.6007733,14.583596,1.0596259,-8.492833,-1.4138005,0.020345071,0.95910263,1.1373936,0.76222,3.938202,0.62899655,-2.9709868,-1.8758128,20.658268,0.55981314,685.615,0.36387095,1320.812,0.24806096,-95.23231,-1.0672339,1767.605,0.15496251,999.1908,0.27244303,-97.0256,-0.9836626,2773.8828,0.11224713,1006.10297,0.2765253,-97.53172,-0.9703406,-14.386864,-0.7221578,21.413082,0.49084115,0.07706869,0.20371407,-0.014239607,-1.383088,0.25319988,0.7261413,25.277699,0.51503867,6.116875,2.010501,18.257652,0.8940614,-9.015792,-1.5311913,-0.7499305,8.169231,0.081476025,0.007857356,0.14050113,4.2519684,2.8616853,0.1711111,0.15394403,0.15833333,0.23544873,-25.761154
id10294-ba0ZhyVTodw-00003,24.659954,0.18069814,22.75785,24.213234,25.333668,2.575817,40.995796,26.071032,49.155052,65.00586,0.3262434,0.7276052,0.1072023,0.26091865,0.5227228,0.4155205,4.629405,2.8237278,4.4457154,2.8820314,0.12605292,1.0705141,22.676636,0.64743906,9.5855255,1.0634294,15.855206,0.75945777,-1.5029575,-10.153051,0.022921605,0.89940935,1.1370642,0.6352419,4.8117924,0.41321164,-0.85978186,-10.37152,23.251352,0.5725772,613.896,0.37145895,1371.159,0.1821994,-115.312416,-0.78628635,1654.3579,0.18526432,1066.2158,0.21628422,-120.56232,-0.6998065,2711.109,0.120202176,994.5376,0.34982395,-122.46809,-0.667404,-17.616339,-0.4433557,25.4283,0.35696238,0.0156038,1.2355064,-0.013884067,-1.5348902,0.1862766,0.691545,32.33457,0.368492,13.048708,0.7720582,18.938282,0.61962265,0.74291927,23.21164,-6.672638,13.232187,0.024267662,0.0025505843,0.07536714,3.4869242,2.1329987,0.20588236,0.16212045,0.24294117,0.2862283,-28.391243
id10302-2Er-cV85fc4-00018,26.719212,0.10698577,24.183086,26.373476,29.013306,4.8302193,25.017601,9.94005,24.461966,15.521496,0.3258287,0.9016679,0.08166193,0.23872644,0.51478475,0.4331228,3.9897785,2.5990832,4.329523,3.174943,0.12963952,1.3089772,21.068213,0.7367228,7.6908956,1.7109159,9.937999,1.3377903,6.131252,1.9052881,0.018891579,1.2100043,1.4066269,0.6332443,4.514787,0.62051964,2.0237591,3.7197392,24.31767,0.41592455,523.98376,0.37461814,1323.1462,0.1333675,-110.08101,-0.85083926,1569.6735,0.15376037,992.59406,0.23920141,-114.43144,-0.7661951,2598.156,0.117513426,954.3777,0.29853618,-117.19742,-0.7233536,-15.57148,-0.44805926,23.926916,0.369242,0.04949505,0.4811159,-0.012163505,-1.3825213,0.21997651,0.89543307,32.45706,0.28035128,7.3020525,1.8693236,11.042406,1.425155,6.5933394,2.1685483,-5.9439244,12.3113985,0.053930547,0.008882102,0.049733974,2.9593096,2.3573203,0.19105263,0.15272592,0.202,0.1836464,-27.423054
id10302-2Er-cV85fc4-00019,24.106256,0.15855296,22.346403,23.4728,25.454378,3.107975,47.463543,52.009876,24.412817,12.594895,0.20020054,0.7165895,0.08946657,0.17309262,0.2682203,0.17875373,3.2815688,2.5463912,2.0429173,1.6418419,0.0509457,1.1341969,18.447739,0.84332806,10.671956,1.1864643,8.28674,1.644387,6.534692,2.095077,0.016847461,0.9098848,1.1406802,0.6530329,4.2659388,0.59766424,4.446741,1.4314771,28.068031,0.27954635,641.74097,0.3534866,1378.2758,0.1866886,-109.59355,-0.84212536,1685.4347,0.16580026,1059.2645,0.25881344,-114.00992,-0.75775474,2709.8494,0.12187341,963.39496,0.32813552,-115.96981,-0.7276241,-16.196411,-0.4573525,24.327866,0.3097912,0.03494267,0.63549775,-0.0049209637,-3.5452168,0.060175624,0.86307526,27.418789,0.36878952,15.537585,0.71274936,10.247477,1.289663,10.5125675,1.4675128,-3.7196906,10.907375,0.051127546,0.010079603,0.042333297,2.6511137,2.4520257,0.18608695,0.15675344,0.19291666,0.20121463,-37.47211
id10302-VRCidrXwd1s-00018,27.745218,0.119802214,24.946297,27.570005,30.629839,5.6835423,94.455345,98.079605,70.85619,76.621925,0.18625228,0.646965,0.067473896,0.16065441,0.2880793,0.2206054,2.6093469,1.6580338,1.5751518,0.9733039,0.061269354,0.9632364,32.183594,0.37355942,6.2953124,1.597122,3.457983,3.3699672,-2.580059,-5.3597727,0.04332309,1.3993491,1.3099445,0.71200144,4.730212,0.51074076,0.33680856,20.742735,26.36098,0.31032377,588.245,0.32093537,1388.6617,0.15380472,-105.22884,-0.8786184,1641.224,0.1755134,1163.7964,0.31918064,-111.25245,-0.7644422,2709.9714,0.10725469,1044.3829,0.30559233,-115.19227,-0.7056717,-17.769114,-0.33564457,28.606642,0.24693945,0.029664451,0.8354927,-0.021654557,-0.8027427,0.0838269,0.6645143,39.640408,0.1778143,7.3036923,1.5223007,4.9431524,2.6578476,-5.793487,-2.638883,-11.082447,22.409231,0.0079080295,0.004836056,0.039131913,2.9900334,2.672606,0.17833334,0.1315189,0.19,0.17425165,-37.798126
id10302-VRCidrXwd1s-00025,33.201,0.15662079,28.718328,31.926432,37.043716,8.325388,76.633865,35.033646,110.300896,78.15862,0.2772821,0.6640036,0.10702117,0.25776884,0.39470223,0.28768104,3.5766056,2.731221,2.1353905,1.5894989,0.1046134,0.91719437,31.065666,0.3557454,-0.99830604,-11.085371,-7.8456283,-1.9351593,-6.9369526,-2.0501606,0.039275132,0.9815174,1.6188499,0.5486978,5.115651,0.59998935,5.1582074,2.2522902,28.239338,0.28044012,601.1584,0.35311767,1399.536,0.15256982,-111.18235,-0.85419047,1627.184,0.16263889,1105.2131,0.19997776,-105.609245,-0.8398487,2716.3066,0.11065658,1006.3787,0.2427745,-111.10478,-0.7512634,-13.325501,-0.30780828,26.513483,0.19484563,0.05381723,0.3772361,-0.020588312,-0.5321625,0.14210458,0.6853101,36.090885,0.22754286,-3.7307458,-2.5713322,-11.166952,-1.36784,-13.844945,-0.90527123,-10.406262,22.228798,0.013877968,-0.00056491315,0.070058756,3.2786884,4.038005,0.114117645,0.0758527,0.12733333,0.2095222,-32.681995
id10302-VRCidrXwd1s-00026,26.879904,0.124281414,23.406729,26.946882,30.062578,6.6558495,45.583164,40.334236,34.37353,20.178572,0.15188637,0.5681525,0.079605795,0.12856448,0.20862226,0.12901646,1.6289257,1.3289837,1.3411407,0.98384213,0.04349554,0.88838255,28.157799,0.58251894,14.260999,0.6619893,4.920928,2.0040379,3.3003721,3.596579,0.031213446,1.2738891,1.1805711,0.567186,5.4908166,0.3903829,-0.71801156,-10.092132,31.170168,0.2995763,608.1337,0.33779883,1442.6244,0.13712025,-109.94062,-0.8281817,1688.3319,0.18766336,1227.9937,0.2582084,-116.344955,-0.7085217,2784.6423,0.12010267,1106.142,0.3157062,-120.020615,-0.6557778,-20.75551,-0.3213967,32.260117,0.21665315,0.025330178,1.0636895,-0.014871397,-1.0591657,0.062598966,0.70271194,38.976025,0.19977687,14.442926,0.6664058,5.1739774,2.207669,0.058221735,243.90182,-11.387523,20.177216,-0.0020658446,0.0068217795,0.025937242,3.6563072,2.5830257,0.17999999,0.15033296,0.174,0.10663333,-39.440063
id10302-VRCidrXwd1s-00038,27.931307,0.15137306,24.706314,26.744576,31.439535,6.733221,129.71219,126.43163,63.439304,60.63856,0.27858576,0.86370677,0.067678005,0.23195799,0.40108514,0.33340713,3.5903816,1.8076402,3.1543934,1.9229879,0.110672995,1.3964775,31.73979,0.4276245,1.9922384,4.843694,6.940224,1.9869578,-1.9528481,-8.107046,0.02902579,1.5259558,1.2341474,0.7798714,5.4797316,0.47960702,0.81327313,10.80264,25.1846,0.41445345,593.5474,0.3920526,1312.2972,0.14837293,-101.03486,-0.9271599,1643.5245,0.18568033,1038.456,0.2573295,-105.15015,-0.8265422,2735.946,0.13150638,999.9801,0.26002488,-109.504425,-0.756574,-16.002838,-0.29672548,27.505766,0.27945584,0.035635345,0.71148926,-0.01683755,-1.0785595,0.15741467,1.0849364,39.249084,0.21290755,1.683176,6.2984095,8.235978,1.9657323,-4.7625556,-3.8187263,-9.717924,20.367556,0.0032953883,0.0068672043,0.057035994,2.61348,2.5,0.20166665,0.16439281,0.22642857,0.26609898,-29.420933
id10302-WAbHmvQ9zME-00001,25.59678,0.102220155,23.437477,25.457314,27.326195,3.8887177,149.00049,194.04344,23.339207,7.995051,0.2842851,0.60229534,0.12097807,0.25311485,0.45381445,0.3328364,4.5010743,3.2206492,3.4073431,2.559848,0.10143742,0.90661764,21.18047,0.68667316,18.52109,0.46439156,2.474434,4.629898,-1.8971077,-6.043734,0.018242778,0.77963465,1.0526284,0.56388754,5.3385887,0.36896485,-1.2421317,-3.6284053,29.32493,0.3354332,542.4126,0.28903633,1387.1031,0.13641208,-124.927925,-0.73083997,1631.3217,0.17209333,1149.4874,0.24788314,-132.41518,-0.6183249,2724.3457,0.12105782,1086.5004,0.28073025,-135.6423,-0.5740896,-20.750925,-0.29990345,31.383957,0.2623811,0.026896104,0.7148432,-0.02879783,-0.5783582,0.14288662,0.6343246,34.192165,0.23915915,20.490843,0.5204919,2.8080337,4.157761,-1.024711,-12.550277,-9.552604,17.53291,0.012698256,-0.0055626296,0.07572342,4.1121497,1.8867925,0.19999999,0.17944358,0.2809091,0.2796574,-32.725746
id10302-y5j-ZhbwDwE-00001,35.411705,0.23854852,28.431238,31.952087,41.440933,13.009695,411.87802,514.01,280.59903,390.05692,0.8358694,0.5623984,0.41938412,0.7021839,1.2234507,0.80406654,9.084635,6.317588,11.599996,8.064219,0.2232639,0.7990909,7.657027,1.2891169,-7.99377,-1.5083733,-0.53934914,-22.507025,-14.719132,-0.78882253,0.05896249,2.232103,1.7792294,0.7903809,1.243466,3.834546,1.5109254,5.598361,5.8224964,1.303074,937.9628,0.2782029,1086.5249,0.2200668,-97.46559,-0.98040867,1929.6937,0.13284267,1048.6415,0.3240039,-88.99236,-1.0513035,2811.557,0.0897758,1010.1792,0.38240045,-90.04617,-1.0293343,-1.5880466,-2.9620097,7.575076,0.8636015,0.061781306,0.27167237,-0.015272024,-0.68652564,0.30151874,0.6229122,10.639788,0.80618256,-12.858807,-0.91955996,3.365759,3.8245134,-16.840818,-0.8167779,-0.8669442,7.4316516,0.047218997,-0.00612507,0.13113855,3.838384,3.6734693,0.14222223,0.11311526,0.13,0.19697715,-26.149893
id10304-JQtDfEz08aU-00037,22.558405,0.16538557,20.0583,21.350006,24.610518,4.5522175,233.06213,375.47443,20.57073,20.669939,0.4368511,0.5810127,0.14470299,0.45737314,0.6547693,0.51006633,6.3590794,3.340771,4.738901,2.7241175,0.12925924,0.7710334,23.34307,0.7672903,6.7080913,2.1405694,2.7175517,6.380222,2.9788373,5.4912944,0.016241277,1.266607,1.1947064,0.8241189,3.732925,0.6247808,3.604168,1.3996075,22.816076,0.49008662,655.4984,0.39415509,1268.3926,0.18079776,-81.38854,-1.1461422,1657.4609,0.1746044,1016.4795,0.32921028,-83.56986,-1.0723065,2720.5227,0.12564895,892.00525,0.26505116,-88.68292,-0.96411115,-12.024614,-0.6814639,23.844234,0.4070447,0.04616433,0.5243473,-0.0130323395,-1.3102531,0.15476094,0.6274497,32.328266,0.27603436,3.5371022,4.083627,0.006211751,3069.076,3.9655423,4.555825,-5.432413,13.727023,0.030872745,0.0038295102,0.0874829,4.13318,2.7713625,0.21,0.17911822,0.13521738,0.1438861,-30.111105
id10309-_z_BR0ERa9g-00006,25.689766,0.2962364,21.37119,22.765594,29.93448,8.563292,90.520386,47.933144,98.60662,70.23413,0.28137282,0.48473355,0.17917743,0.25883937,0.36368552,0.18450809,2.877644,1.9055897,1.5641412,0.8156235,0.076375104,0.8745647,19.778336,0.8239899,6.8289404,2.218494,-0.065903865,-247.39413,-3.0396395,-4.760322,0.023387505,1.5837939,1.3772976,0.55473405,3.1989176,0.646963,1.236063,6.8081675,20.505901,0.45409405,657.3368,0.3500878,1366.8013,0.16863437,-119.97919,-0.78357506,1705.0472,0.15701473,1026.7407,0.343412,-120.48511,-0.7476328,2710.114,0.11215986,944.4503,0.38641515,-122.15014,-0.7228991,-12.360088,-0.4362578,21.059095,0.3818414,0.059409924,0.36367,-0.015276584,-1.00089,0.0897719,0.78430706,26.07409,0.39176476,3.3413877,3.7195036,4.251609,4.086695,-5.624185,-2.9054596,-7.7691474,16.580057,0.055527627,-0.005295836,0.06498335,4.0,3.1634445,0.12,0.06649979,0.16526315,0.17454809,-35.45919
